111111111111111111111110000000000000111111111111111111111111111111111111111111111111111111111111111111111111111111111111111111111111111111111111111111
111111111111111111111110000000000000111111111111111111111111111111111111111111111111111111111111111111111111111111111111111111111111111111111111111111
111111111111111111111110000000000001111111111111111111111111111111111111111111111111111111111111111111111111111111111111111111111111111111111111111111
111111111111111111111110000000000011111111111111111111111111111111111111111111111111111111111111111111111111111111111111111111111111111111111111111111
111111111111111111111111000000000011111111111111111111111111111111111111111111111111111111111111111111111111111111111111111111111111111111111111111111
111111111111111111111110000000000011111111111111111111111111111111111111111111111111111111111111111111111111111111111111111111111111111111111111111111
111111111111111111111111000000000011111111111111111111111111111111111111111111111111111111111111111111111111111111111111111111111111111111111111111111
111111111111111111111110000000000011111111111111111111111111111111111111111111111111111111111111111111111111111111111111111111111111111111111111111111
111111111111111111111111000000000011111111111111111111111111111111111111111111111111111111111111111111111111111111111111111111111111111111111111111111
111111111111111111111110000000000011111111111111111111111111111111111111111111111111111111111111111111111111111111111111111111111111111111111111111111
111111111111111111111111000000000011111111111111111111111111111111111111111111111111111111111111111111111111111111111111111111111111111111111111111111
111111111111111111111110000000000011111111111111111111111111111111111111111111111111111111111111111111111111111111111111111111111111111111111111111111
111111111111111111111111000000000011111111111111111111111111111111111111111111111111111111111111111111111111111111111111111111111111111111111111111111
111111111111111111111110000000000011111111111111111111111111111111111111111111111111111111111111111111111111111111111111111111111111111111111111111111
111111111111111111111111000000000011111111111111111111111111111111111111111111111111111111111111111111111111111111111111111111111111111111111111111111
111111111111111111111110000000000011111111111111111111111111111111111111111111111111111111111111111111111111111111111111111111111111111111111111111111
111111111111111111111111000000000011111111111111111111111111111111111111111111111111111111111111111111111111111111111111111111111111111111111111111111
111111111111111111111110000000000011111111111111111111111111111111111111111111111111111111111111111111111111111111111111111111111111111111111111111111
111111111111111111111111000000000011111111111111111111111111111111111111111111111111111111111111111111111111111111111111111111111111111111111111111111
111111111111111111111110000000000001111111111111111111111111111111111111111111111111111111111111111111111111111111111111111111111111111111111111111111
111111111111111111111111000000000001111111111111111111111111111111111111111111111111111111111111111111111111111111111111111111111111111111111111111111
111111111111111111111111000000000001111111111111111111111111111111111111111111111111111111111111111111111111111111111111111111111111111111111111111111
111111111111111111111111000000000001010101010101010101101010101010101010101010000000000000000000000000000000000000000001111111111111111111111111111111
111111111111111111111111000000000000000000000000000000000000000000000000000000000000000000000000000000000000000000000000011111111111111111111111111111
111111111111111111111111000000000000000000000000000000000000000000000000000000000000000000000000000000000000000000000000011111111111111111111111111111
111111111111111111111111000000000000000000000000000000000000000000000000000000000000000000000000000000000000000000000000001111111111111111111111111111
111111111111111111111111100000000000000000000000000000000000000000000000000000000000000000000000000000000000000000000000001111111111111111111111111111
111111111111111111111111100000000000000000000000000000000000000000000000000000000000000000000000000000000000000000000000000111111111111111111111111111
111111111111111111111111110000000000000000000000000000000000000000000000000000000000000000000000000000000000000000000000000111111111111111111111111111
111111111111111111111111110000000000000000000000000000000000000000000000000000000000000000000000000000000000000000000000000111111111111111111111111111
111111111111111111111111111000000000000000000000000000000000000000000000000000000000000000000000000000000000000000000000000111111111111111111111111111
111111111111111111111111111100000000000000000000000000000000000000000000000000000000000000000000000000000000000000000000000111111111111111111111111111
111111111111111111111111111110000000000000000000000000000000000000000000000000000000000000000000000000000000000000000000000111111111111111111111111111
111111111111111111111111111111111111111111111111111111111111111111111111111111111111100000000000000000000000000000000000000011111111111111111111111111
111111111111111111111111111111111111111111111111111111111111111111111111111111111111111111111111111111100000000000000000000011111111111111111111111111
111111111111111111111111111111111111111111111111111111111111111111111111111111111111111111111111111111111000000000000000000011111111111111111111111111
111111111111111111111111111111111111111111111111111111111111111111111111111111111111111111111111111111111100000000000000000011111111111111111111111111
111111111111111111111111111111111111111111111111111111111111111111111111111111111111111111111111111111111111000000000000000011111111111111111111111111
111111111111111111111111111111111111111111111111111111111111111111111111111111111111111111111111111111111111100000000000000011111111111111111111111111
111111111111111111111111111111111111111111111111111111111111111111111111111111111111111111111111111111111111110000000000000011111111111111111111111111
111111111111111111111111111111111111111111111111111111111111111111111111111111111111111111111111111111111111110000000000000001111111111111111111111111
111111111111111111111111111111111111111111111111111111111111111111111111111111111111111111111111111111111111111000000000000011111111111111111111111111
111111111111111111111111111111111111111111111111111111111111111111111111111111111111111111111111111111111111110000000000000011111111111111111111111111
111111111111111111111111111111111111111111111111111111111111111111111111111111111111111111111111111111111111111000000000000011111111111111111111111111
111111111111111111111111111111111111111111111111111111111111111111111111111111111111111111111111111111111111110000000000000001111111111111111111111111
111111111111111111111111111111111111111111111111111111111111111111111111111111111111111111111111111111111111111000000000000001111111111111111111111111
111111111111111111111111111111111111111111111111111111111111111111111111111111111111111111111111111111111111110000000000000011111111111111111111111111
111111111111111111111111111111111111111111111111111111111111111111111111111111111111111111111111111111111111111000000000000011111111111111111111111111
111111111111111111111111111111111111111111111111111111111111111111111111111111111111111111111111111111111111110000000000000011111111111111111111111111
111111111111111111111111111111111111111111111111111111111111111111111111111111111111111111111111111111111111110000000000000011111111111111111111111111
111111111111111111111111111111111111111111111111111111111111111111111111111111111111111111111111111111111111110000000000000011111111111111111111111111
111111111111111111111101111111111111111111111111111111111111111111111111111111111111111111111111111111111111111000000000000011111111111111111111111111
111111111111111110000000000000000000000000011111111111111111111111111111111111111111111111111111111111111111111000000000000011111111111111111111111111
111111111111111100000000000000000000000000000000000000111111111111111111111111111111111111111111111111111111111000000000000011111111111111111111111111
111111111111110000000000000000000000000000000000000000011111111111111111111111111111111111111111111111111111111000000000000011111111111111111111111111
111111111111110000000000000000000000000000000000000000001111111111111111111111111111111111111111111111111111110000000000000011111111111111111111111111
111111111111100000000000000000000000000000000000000000000111111111111111111111111111111111111111111111111111111000000000000011111111111111111111111111
111111111111100000000000000000000000000000000000000000000011111111111111111111111111111111111111111111111111110000000000000011111111111111111111111111
111111111111100000000000000000000000000000000000000000000001111111111111111111111111111111111111111111111111111000000000000011111111111111111111111111
111111111111100000000000000000000000000000000000000000000001111111111111111111111111111111111111111111111111110000000000000011111111111111111111111111
111111111111100000000000000000000000000000000000000000000000111111111111111111111111111111111111111111111111111000000000000011111111111111111111111111
111111111111100000000000000000000000000000000000000000000000111111111111111111111111111111111111111111111111110000000000000011111111111111111111111111
111111111111100000000000000000000000000000000000000000000000011111111111111111111111111111111111111111111111110000000000000011111111111111111111111111
111111111111100000000000000000000000000000000000000000000000011111111111111111111111111111111111111111111111110000000000000011111111111111111111111111
111111111111100000000000000000001111111111111000000000000000001111111111111111111111111111111111111111111111110000000000000001111111111111111111111111
111111111111100000000000000000011111111111111110000000000000001111111111111111111111111111111111111111111111110000000000000011111111111111111111111111
111111111111100000000000000000111111111111111111100000000000001111111111111111111111111111111111111111111111110000000000000001111111111111111111111111
111111111111100000000000000000111111111111111111110000000000001111111111111111111111111111111111111111111111110000000000000001111111111111111111111111
111111111111100000000000000001111111111111111111110000000000000111111111111111111111111111111111111111111111110000000000000001111111111111111111111111
111111111111100000000000000001111111111111111111111000000000000111111111111111111111111111111111111111111111110000000000000001111111111111111111111111
111111111111100000000000000001111111111111111111111000000000000111111111111111111111111111111111111111111111100000000000000001111111111111111111111111
111111111111100000000000000011111111111111111111111000000000000111111111111111111111111111111111111111111111100000000000000001111111111111111111111111
111111111111100000000000000011111111111111111111111000000000000011111111111111111111111111111111111111111111000000000000000001111111111111111111111111
111111111111100000000000000011111111111111111111111100000000000111111111111111111111111111111111111111111111000000000000000001111111111111111111111111
111111111111100000000000000111111111111111111111111100000000000011111111111111111111111111111111111111111111000000000000000001111111111111111111111111
111111111111100000000000000111111111111111111111111100000000000011111111111111111111111111111111111111111110000000000000000001111111111111111111111111
111111111111100000000000000111111111111111111111111100000000000001111111111111111111111111111111111111111000000000000000000001111111111111111111111111
111111111111100000000000000111111111111111111111111100000000000000101111111111111111111111111111111111110000000000000000000001111111111111111111111111
111111111111100000000000000111111111111111111111111100000000000000000000000000000000000000000000000000000000000000000000000001111111111111111111111111
111111111111100000000000000111111111111111111111111100000000000000000000000000000000000000000000000000000000000000000000000001111111111111111111111111
111111111111100000000000000111111111111111111111111100000000000000000000000000000000000000000000000000000000000000000000000001111111111111111111111111
111111111111100000000000000111111111111111111111111100000000000000000000000000000000000000000000000000000000000000000000000001111111111111111111111111
111111111111100000000000000111111111111111111111111100000000000000000000000000000000000000000000000000000000000000000000000011111111111111111111111111
111111111111100000000000000111111111111111111111111100000000000000000000000000000000000000000000000000000000000000000000000011111111111111111111111111
111111111111100000000000000111111111111111111111111100000000000000000000000000000000000000000000000000000000000000000000000011111111111111111111111111
111111111111100000000000000011111111111111111111111110000000000000000000000000000000000000000000000000000000000000000000000111111111111111111111111111
111111111111100000000000000011111111111111111111111111000000000000000000000000000000000000000000000000000000000000000000001111111111111111111111111111
111111111111100000000000000111111111111111111111111111000000000000000000000000000000000000000000000000000000000000000000011111111111111111111111111111
111111111111100000000000000011111111111111111111111111100000000000000000000000000000000000000000000000000000000000000000011111111111111111111111111111
111111111111100000000000000011111111111111111111111111110000000000000000000000000000000000000000000000000000000000000001111111111111111111111111111111
111111111111100000000000000011111111111111111111111111111100000000000000000000000000000000000000000000000000000000000111111111111111111111111111111111
111111111111100000000000000011111111111111111111111111111111000000000111111111111111111111111111111110000001111111111111111111111111111111111111111111
111111111111100000000000000011111111111111111111111111111111111111111111111111111111111111111111111111111111111111111111111111111111111111111111111111
111111111111100000000000000011111111111111111111111111111111111111111111111111111111111111111111111111111111111111111111111111111111111111111111111111
111111111111100000000000000011111111111111111111111111111111111111111111111111111111111111111111111111111111111111111111111111111111111111111111111111
111111111111100000000000000011111111111111111111111111111111111111111111111111111111111111111111111111111111111111111111111111111111111111111111111111
111111111111100000000000000011111111111111111111111111111111111111111111111111111111111111111111111111111111111111111111111111111111111111111111111111
111111111111000000000000000011111111111111111111111111111111111111111111111111111111111111111111111111111111111111111111111111111111111111111111111111
111111111111000000000000000011111111111111111111111111111111111111111111111111111111111111111111111111111111111111111111111111111111111111111111111111
111111111111000000000000000011111111111111111111111111111111111111111111111111111111111111111111111111111111111111111111111111111111111111111111111111
